64,4
65,52
65,51
65,50
65,49
65,48
65,47
65,46
65,45
65,44
65,43
65,42
65,41
65,40
65,39
65,38
65,37
65,36
65,35
64,1
64,3
0,273
0,270
3,1
3,3
10,174
10,308
10,158
10,200
10,130
10,72
10,170
10,96
11,15
11,14
11,30
11,18
9,4
9,6
8,12
8,4
8,6
8,14
8,5
57,5
57,4
57,3
57,2
57,1
57,0
55,4
55,3
55,2
55,1
55,0
45,4
45,3
45,1
40,4
40,3
40,1
36,5
36,4
36,3
36,2
36,1
33,3
33,1
28,4
28,3
28,1
24,3
24,1
20,3
20,2
20,1
19,3
19,2
19,1
12,3
12,2
12,1
11,28
11,27
11,26
11,25
11,23
11,22
11,21
11,20
11,19
11,17
11,16
11,12
11,11
11,10
11,9
11,6
11,5
11,4
11,3
11,2
11,1
10,314
10,300
10,226
10,224
10,212
